238543836530422948665085962505664473274416410215361625749487091925417400296988921627506167824524490322868029129994785220132109602639315042234665844195468401369630464725695174470639851066820940863573293673393775297578960044069500942886710341703175382173958874571152618043400494632089880066945696638537384809695263296527112527666654484778151780033297704198968721439958555040746702790698629123100507296871499360193766387338300605794267952511254922455144444044153130383300425252130650146086898491967886766557909809400643584
4446369477301910301426592059888462040408768676455263007915560745904143151135694672353340506323118553490672985015770396274991493399626801658421597696398954728097631644181537875058473263283504362712138374287809250646810633972091078497091000138272025355817819006813366333121080587252007565761992985276611008198525473832499465449753232239751082001971809337844607716405209671469073311149734351087458503454469740124489044475131642902630745525922948072708605137160858878955426038127007200192051812143631319676070468727428041834229871
260356891611916677414626633886697956008607552375503031121613784361103470280511984019599322595467138551227041719262907148309330159435123560163129474376761268437342249289124957226194742483350748496520456975023843376616412786690612862223285856288236808282568141992498440536537423847047109080011805022192354452932527181874887618612302518758217169127910614940045992755513967854340394340151287497517732410804285389277514445766417141403318775643436490981823163436761739107643055328418042519698083908467892958385492838228317874407645652408439
666107660458521541243215380951301474471376783825069107540423190425830915819095059072783324270868747829914983293073984498648548239892701754120954022763348528827144288600910102129483734378341347230269402915052147917548395337443102647485600088604048658670870328659914293026458661441808358698638389241018803318212366221000993345708699871278909313848195255663115961645742125475565002798661632
3984150234228548486355649198149410172542489800230495985961184119466855541748026396801131646257671457537573287169917042242661708884941084504563653764579737378468488427180810941809354821119794070896979706366291457717584379443015056834073086670459615001928145476675020568757433516549614367172682832295632734873784761105724360699095995406129529980966932310465485635221190673094503335175123856229335189308597300719349524550663651142450511079143121836018367370219616721128340934321767628373793515882637318002171863137
4212566730112238691274233482778812456506440710692868109547660563302454142294713867420490654800666902172126391144206981402249679093374980007810266682916581926741049207528899473121353431193122601355120756863042522924783033257763335388945869974798883195948816166468609773842631495442398054526945323448315135518467873088819581170103025638462441205562011657622426223144327766684126799884408936459226190528770555196022631224150914932234229122019663906888843647512960991764834857351312598550486126032794079046040689363813559804262088704
129000995612499653293663152791472999822907786152133433350212824424231137827972482193021453640282040475547159356621838443266296923363611627406702312308549048456142707055905332890767537823663890306342744107641433912188609647755802020958265201164059980229274327173736278592838003137750551598177319646327674758431675019312591444502950694505658261081520248421306738545851173499899523885271418600760440352110548615744398685010199618096873733742578512336455266593097698298288831566537370459783036305817971630007372488985701
666107660458521541243215380951301474471376783825069107540423190425830915819095059072783324270868747829914983293073984498648548239892701754120954022763348528827144288600910102129483734378341347230269402915052147917548395337443102647485600088604048658670870328659914293026458661441808358698638389241018803318212366221000993345708699871278909313848195255663115961645742125475565002798661632
18872966600218404115735688440457346051547264168851158340309837210575962125111989644580080851305517509448028689212742923431258385749429202661761523721789300853417468674881829321118373229181273356623384787103363290487066247197451231870273843212645488844868122743664246958669475658093521189262049109061060479818162367009066853797845301416600111546234770979463187589186118576584806612622432582868057007438472502850519834598998889677742359229034104316569833388699540825504106821995333622272551494158173837385872382782670593270703601851013241
4446369477301910301426592059888462040408768676455263007915560745904143151135694672353340506323118553490672985015770396274991493399626801658421597696398954728097631644181537875058473263283504362712138374287809250646810633972091078497091000138272025355817819006813366333121080587252007565761992985276611008198525473832499465449753232239751082001971809337844607716405209671469073311149734351087458503454469740124489044475131642902630745525922948072708605137160858878955426038127007200192051812143631319676070468727428041834229871
3340153831238574318041108375914793960436282968918193564982457581943142071737264361588432967795720925332086517525021497353305399925423425024544293495148500951729650613957240735638654921795743954948142176938064011504500264125579663593310929146943693500186217996762300719792965428893575465033169477264474210805899055687062626522045513348570760963808489452480460184012785566438045894521342738955307010150962662469486255631589967549623179499816030567195266736742351515156467443610349900161517331692000928478016084919004140777193990364277
666107660458521541243215380951301474471376783825069107540423190425830915819095059072783324270868747829914983293073984498648548239892701754120954022763348528827144288600910102129483734378341347230269402915052147917548395337443102647485600088604048658670870328659914293026458661441808358698638389241018803318212366221000993345708699871278909313848195255663115961645742125475565002798661632
10000000000000000000000000000000000000000000000000000000000000000000000000000000000000000000000000000000000000000000000000000000000000000000000000000000000000000000000000000000000000000000000000000000000000000000000000000000000000000000000000000000000000000000000000000000000000000000000000000000000000000000000000000000000000000000000000000000000000000000000000000000000000000000000000000000000000000000000000000000000000000000000000000000000000000000000000000000000000000000000000000000000000000000000000000000000
3340153831238574318041108375914793960436282968918193564982457581943142071737264361588432967795720925332086517525021497353305399925423425024544293495148500951729650613957240735638654921795743954948142176938064011504500264125579663593310929146943693500186217996762300719792965428893575465033169477264474210805899055687062626522045513348570760963808489452480460184012785566438045894521342738955307010150962662469486255631589967549623179499816030567195266736742351515156467443610349900161517331692000928478016084919004140777193990364277
10000000000000000000000000000000000000000000000000000000000000000000000000000000000000000000000000000000000000000000000000000000000000000000000000000000000000000000000000000000000000000000000000000000000000000000000000000000000000000000000000000000000000000000000000000000000000000000000000000000000000000000000000000000000000000000000000000000000000000000000000000000000000000000000000000000000000000000000000000000000000000000000000000000000000000000000000000000000000000000000000000000000000000000000000000000000
129000995612499653293663152791472999822907786152133433350212824424231137827972482193021453640282040475547159356621838443266296923363611627406702312308549048456142707055905332890767537823663890306342744107641433912188609647755802020958265201164059980229274327173736278592838003137750551598177319646327674758431675019312591444502950694505658261081520248421306738545851173499899523885271418600760440352110548615744398685010199618096873733742578512336455266593097698298288831566537370459783036305817971630007372488985701
